%YAML:1.0
calibration_time: "Fri Aug 12 05:39:16 2016"
nrOfFrames: 25
image_width: 640
image_height: 480
board_width: 8
board_height: 6
square_size: 25.
FixAspectRatio: 1.
# flags:  +fix_aspectRatio +fix_principal_point +zero_tangent_dist
flagValue: 14
camera_matrix: !!opencv-matrix
   rows: 3
   cols: 3
   dt: d
   data: [ 1.2978777240621519e+03, 0., 3.1950000000000000e+02, 0.,
       1.2978777240621519e+03, 2.3950000000000000e+02, 0., 0., 1. ]
distortion_coefficients: !!opencv-matrix
   rows: 5
   cols: 1
   dt: d
   data: [ 1.1047812395866363e+00, -1.4443416196909006e+01, 0., 0.,
       2.1500782820172964e+02 ]
avg_reprojection_error: 5.0256092584577228e-01
Per_View_Reprojection_Errors: !!opencv-matrix
   rows: 25
   cols :1
   dt: f
   data: [ 5.51368475e-01, 6.06580079e-01, 7.07345724e-01, 4.27258164e-01,
       3.71066660e-01, 3.45765293e-01, 3.53318751e-01, 3.52259070e-01,
       5.40841043e-01, 4.34986085e-01, 6.77583694e-01, 4.75360096e-01,
       5.98439038e-01, 8.08358252e-01, 4.89869475e-01, 2.69547254e-01,
       4.08473700e-01, 5.38621902e-01, 4.19146448e-01, 4.23100203e-01,
       5.87582588e-01, 5.44618905e-01, 4.21266228e-01, 4.32776839e-01,
       3.79332840e-01 ]
# a set of 6-tuples (rotation vector + translation vector) for each view
extrinsic_parameters: !!opencv-matrix
   rows: 25
   cols: 6
   dt: d
   data: [ -2.2276337100407470e-01, -1.7022005659275743e-01,
       1.4628755687751682e+00, -1.1851646795370965e+02,
       -1.0289284376896882e+02, 1.8116071740641819e+03,
       -3.2018267809369105e-01, 3.1842232256968708e-02,
       1.5581303201016337e+00, -6.5209073352011629e+01,
       1.7492059918041026e+01, 1.8039441926716170e+03,
       -3.6256346329040118e-01, 9.8928746319615180e-02,
       1.5521257786657989e+00, -6.8324191682782470e+01,
       3.1326252095167803e+01, 1.8072384681280575e+03, 2.2622662799943677e-01,
       -1.1644317309586183e-01, 1.5609791249343401e+00,
       -6.9334945607312420e+01, 2.9318382382895646e+01,
       1.7293963180535172e+03, 2.1312250254256054e-01,
       -1.4469919978705731e-01, 1.5303357644147790e+00,
       -7.4453952537760685e+01, 1.0782262958755123e+01,
       1.7204033512885417e+03, 1.9141160728819012e-01,
       -1.5069909392309561e-01, 1.5182895623632844e+00,
       -7.7169290706038055e+01, 9.7519188898967235e-01,
       1.7122256652021820e+03, 2.0011059134450859e-01,
       -1.2805987582108425e-01, 1.5151228472137570e+00,
       -8.1552489949122275e+01, -3.6432069730666310e+00,
       1.7029909463973609e+03, 1.9842498419382873e-01,
       -1.1888463388569591e-01, 1.5043887117365229e+00,
       -9.6478464123391106e+01, -9.2209084546141558e+00,
       1.6950655517259759e+03, 2.0523448507726585e-01,
       -1.4854143724977803e-01, 1.4889934326687684e+00,
       -1.2385996510769068e+02, -1.9151641996031618e+01,
       1.6707092418907766e+03, 2.2270042312431473e-01,
       -8.8282460726920392e-02, 1.4865060429509411e+00,
       -1.4680687786239474e+02, -2.3542884944816592e+01,
       1.6578439248133711e+03, 1.7410233975927786e-01,
       -2.3110018313316735e-01, 1.4594434213358709e+00,
       -1.4029237458927011e+02, -4.1639062488099498e+01,
       1.6350477604171435e+03, 1.4492514092377573e-01,
       -2.2976017157747256e-01, 1.4644112187610674e+00,
       -1.1532930003514981e+02, -4.8645522780235005e+01,
       1.6165805617229339e+03, 1.0407327537146993e-01, 5.8397013693985637e-02,
       1.4899068350267284e+00, -9.3335486139909023e+01,
       -3.4467852719304290e+01, 1.5007464156962585e+03,
       1.4899039401835781e-01, -1.7129924858826584e-01,
       1.4261067770379865e+00, -7.8581633098650215e+01,
       -5.3187998405344722e+01, 1.5017351571965471e+03,
       2.4425092851813765e-01, -5.2868760181476654e-02,
       1.4671186919561920e+00, -8.0031432378900533e+01,
       -5.6252496066466009e+01, 1.6074278527632919e+03,
       1.8467983900549906e-01, -9.0760124700988584e-02,
       1.4522057503772026e+00, -6.8536499440663576e+01,
       -6.6867284176078002e+01, 1.6389011461978871e+03,
       1.3531645478903803e-01, -9.4380568596675415e-02,
       1.5032660524053834e+00, 4.1955908215588359e+01,
       -9.2917936447770472e+01, 1.4027319625621274e+03,
       -8.7985382519460295e-02, -1.6333533188890978e-01,
       1.5349962495597658e+00, 1.0868857000464284e+02,
       -1.0043573497480776e+02, 1.3443439727141133e+03,
       -9.9281754354153498e-02, -1.7629412349172083e-01,
       1.5397525184180199e+00, 1.2993702300093446e+02,
       -9.7959761203663916e+01, 1.2680679865992086e+03,
       -8.2120698763413505e-02, -1.8313969935266031e-01,
       1.5421236480614666e+00, 1.1953269938374562e+02,
       -8.8309369196941859e+01, 1.2166647704894849e+03,
       -3.4085710716655081e-02, -2.0336591240812718e-01,
       1.5573575629326530e+00, 8.1978429993961498e+01,
       -9.0377876268858699e+01, 1.0310515075373926e+03,
       -4.2151284408157914e-02, -1.0262921612151715e-01,
       1.5386329785746435e+00, 3.2009352219501615e+01,
       -1.1917127613141541e+02, 9.1110243056599131e+02,
       -4.7984851171840599e-02, -4.6199983953858367e-02,
       1.5292645785953822e+00, 1.2786578839531186e+01,
       -1.2262899777855276e+02, 8.7233571108836270e+02,
       -5.8014771215704988e-02, -2.7725031743308207e-02,
       1.5261857505607228e+00, 6.2546739471047861e+00,
       -1.2153150035638849e+02, 9.1558087290145613e+02,
       -7.8886536684616787e-02, 1.7312149971176423e-02,
       1.5224686323400010e+00, 4.5738520983734032e+00,
       -1.2763445240055636e+02, 1.0016239598175630e+03 ]
