%YAML:1.0
number_of_cameras: 2
origin_camera_id: 1
cam_2: [ -5.0286914062500000e+02, 6.5912963867187500e+01 ]
cam_1: [ 0., 0. ]
