%YAML:1.0
number_of_cameras: 6
origin_camera_id: 1
cam_6: [ -3.5098043823242188e+02, -6.8112530517578125e+02 ]
cam_5: [ 6.9265808105468750e+01, -6.9842773437500000e+02 ]
cam_4: [ -3.4566171264648438e+02, -2.5837429809570312e+02 ]
cam_3: [ 5.5693023681640625e+01, -3.3312487792968750e+02 ]
cam_2: [ -3.7612612915039062e+02, 4.4261596679687500e+01 ]
cam_1: [ 0., 0. ]
