%YAML:1.0
number_of_cameras: 2
origin_camera_id: 1
cam_2: [ -3.9002478027343750e+02, 6.9470825195312500e+01 ]
cam_1: [ 0., 0. ]
