%YAML:1.0
number_of_cameras: 6
origin_camera_id: 1
cam_6: [ -3.5899685668945312e+02, -6.8874084472656250e+02 ]
cam_5: [ 6.9362701416015625e+01, -6.9607775878906250e+02 ]
cam_4: [ -3.5882781982421875e+02, -3.2955264282226562e+02 ]
cam_3: [ 5.7602111816406250e+01, -3.2893478393554688e+02 ]
cam_2: [ -3.7381390380859375e+02, 4.5461730957031250e+01 ]
cam_1: [ 0., 0. ]
