<?xml version="1.0"?>
<opencv_storage>
<calibration_Time>"Thu Apr  4 12:45:01 2019"</calibration_Time>
<nrOfFrames>25</nrOfFrames>
<image_Width>960</image_Width>
<image_Height>720</image_Height>
<board_Width>9</board_Width>
<board_Height>6</board_Height>
<square_Size>2.2224999964237213e-02</square_Size>
<flagValue>0</flagValue>
<Camera_Matrix type_id="opencv-matrix">
  <rows>3</rows>
  <cols>3</cols>
  <dt>d</dt>
  <data>
    1.0141333623833722e+03 0. 4.5791371287496423e+02 0.
    1.0131012352927436e+03 3.7410217314360420e+02 0. 0. 1.</data></Camera_Matrix>
<Distortion_Coefficients type_id="opencv-matrix">
  <rows>5</rows>
  <cols>1</cols>
  <dt>d</dt>
  <data>
    9.7865770772809321e-02 -2.9549239757477558e-01
    2.8628247890011790e-03 -2.1730176256181902e-03
    4.8796509807278782e-01</data></Distortion_Coefficients>
<Avg_Reprojection_Error>2.2760299765821543e-01</Avg_Reprojection_Error>
<Per_View_Reprojection_Errors type_id="opencv-matrix">
  <rows>25</rows>
  <cols>1</cols>
  <dt>f</dt>
  <data>
    1.20177180e-01 1.80128783e-01 1.75403759e-01 1.69139832e-01
    1.45620435e-01 1.56170920e-01 1.82497993e-01 2.00775653e-01
    2.04522267e-01 1.81714743e-01 1.38322011e-01 1.35649353e-01
    1.41051039e-01 1.38833076e-01 2.36152574e-01 2.73543835e-01
    3.32452834e-01 1.44070581e-01 4.40142542e-01 4.11413729e-01
    2.53420889e-01 1.13500811e-01 1.16833925e-01 4.34750497e-01
    1.15866609e-01</data></Per_View_Reprojection_Errors>
<!-- a set of 6-tuples (rotation vector + translation vector) for each view -->
<Extrinsic_Parameters type_id="opencv-matrix">
  <rows>25</rows>
  <cols>6</cols>
  <dt>d</dt>
  <data>
    7.7777235207780043e-02 -4.6307620009512123e-03
    1.5985450325116053e+00 1.8124103254394258e-01
    -1.0900475256841738e-01 8.0198455409323099e-01
    6.2592792510131057e-02 -1.6234914650477862e-02
    1.5152547408358275e+00 2.7660953700002211e-01 2.7436529918812735e-02
    8.0628456754398325e-01 5.9294992292005425e-02
    -2.2722955075390600e-02 1.5269510276553817e+00
    3.4073341529677803e-01 -9.4243122044089661e-02
    8.0064240361782990e-01 3.9605399436776843e-02
    -9.2488276500939035e-03 1.5233766585946724e+00
    3.3254914542603786e-01 -2.3110067912661747e-01
    7.9845819098805138e-01 5.8647826909473677e-02 1.5017423252791042e-02
    1.4952765750735808e+00 1.4389492940249504e-01
    -2.3463801535914877e-01 8.0007105930882638e-01
    4.4762443559013744e-02 1.5850445874787088e-02 1.5365549144121664e+00
    4.2980708653982905e-03 -2.2646686042597924e-01
    8.0635813361995268e-01 6.5694019856632965e-02 3.2168802554501080e-02
    1.5203932483889531e+00 -1.5135899946701059e-01
    -2.4166593431936237e-01 8.1289577842100968e-01
    8.0527488228239033e-02 2.7855084419309704e-02 1.5370985139379707e+00
    -2.1952768021503249e-01 -1.5984666885154078e-01
    8.1952910859161676e-01 1.0294303540384150e-01 1.3452384719041997e-02
    1.5213411546953302e+00 -2.2676380919279937e-01
    -9.8346690281330244e-03 8.2514884030560276e-01
    1.1512737942349703e-01 1.0061029944803939e-02 1.5098413770163333e+00
    -2.2320182223058771e-01 6.8909340056588886e-02
    8.2826263461486471e-01 6.0586817415506575e-02 2.0156761131681401e-02
    1.0824003580285235e+00 -1.0731696344112514e-01
    -1.7871832502885147e-02 8.2037165108298937e-01
    5.4423260648884544e-02 -1.7517256028574027e-02
    1.9699952125908204e+00 1.7280018598835628e-02
    -1.6940272934610862e-01 8.0818734099418654e-01
    5.2464756171639627e-02 -2.5569145830077859e-02
    2.4634146892944817e+00 3.2386966882600188e-01 6.5345786965588437e-03
    8.0482226598834050e-01 7.5475223515051176e-02 3.7833964731069522e-04
    1.4302013918436540e+00 2.3931802145305919e-01
    -7.6937157360339459e-02 8.0645914492074244e-01
    -2.5688973071658849e-01 1.3929157560310138e-01
    2.6661684876994562e+00 5.6258682785568052e-02 7.9357237900307465e-02
    5.8126188577343896e-01 -1.3581312396520145e-01
    -4.9378877418978001e-01 3.0166906938388962e+00
    2.1286115335635476e-02 -2.7639044552065478e-02
    5.7533434196925815e-01 1.0149518580842123e+00
    -2.1463797866761194e-01 2.8525378259230303e+00
    1.7725124780498641e-01 6.0259879069872180e-02 5.7205229653050538e-01
    5.5874330132126515e-01 2.9286364560745937e-01 1.2477666148775055e+00
    2.7535828033874599e-01 5.2720474115580028e-02 1.0723253504265553e+00
    7.0968490047208221e-01 5.5419570182080358e-01 1.1067915044001428e+00
    -2.6539125932838314e-02 -1.2488693676565572e-01
    8.5668627768992234e-01 -3.3738921790647541e-01
    -2.9013471523806916e-01 1.1070652214954333e+00
    1.2081987114927432e-01 -2.5067338285527915e-02
    7.8614192146215622e-01 -2.0829211645627371e-01
    6.4399540287384083e-01 1.3381869902552586e+00
    -5.8409110689101817e-02 2.2247924202663364e-02
    9.3016831784313247e-01 1.1043983344471951e-02 3.4959780202492446e-01
    1.6676348238903611e+00 9.3414248714942152e-02 1.2689725655380091e-01
    1.2313618634306576e+00 8.2204025297357194e-02 3.2352953761867775e-01
    1.4974003435756242e+00 3.6907538108989091e-01 6.6017413498237448e-02
    1.2012922377006960e+00 4.8711408065702205e-02 2.6066052167529319e-01
    1.3241821905686577e+00 -2.0453054723917627e-01
    -1.5927970042242234e-01 9.7408385880077919e-01
    1.0075522180361013e-01 -4.4201500063461872e-02
    2.9093410051126809e+00 -7.4776418165635912e-03
    9.8009718572784621e-02 1.5874066805843803e+00</data></Extrinsic_Parameters>
